0
2
3
4
5
6
7
8
9
14
15
16
17
18
19
20
21
22
23
24
25
26
27
29
30
31
32
33
34
35
37
38
39
40
41
42
79
80
84
85
86
87
88
98
99
100
101
102
103
154
155
156
157
158
159
160
161
162
163
169
170
171
176
177
179
180
181
182
183
184
185
186
191
192
193
194
195
196
197
198
199
200
201
203
204
206
207
208
209
210
211
212
214
215
216
217
218
219
260
264
265
266
276
277
278
279
280
281
282
333
334
335
336
337
338
339
340
341
342
347
348
349
356
357
380
381
404
405
407
408
409
410
411
412
413
414
415
416
418
419
420
421
422
423
424
425
426
427
428
429
430
431
432
433
434
435
438
443
444
445
446
447
448
449
455
456
457
458
459
460
463
464
465
470
471
474
475
476
477
478
479
480
481
482
485
486
487
488
489
490
491
492
493
494
495
496
497
498
499
500
501
502
503
504
505
506
507
508
509
510
511
512
513
514
515
516
517
518
519
520
521
522
523
524
525
526
527
528
529
530
531
532
533
534
535
536
537
538
539
540
541
542
543
544
545
546
547
548
549
550
551
558
559
560
561
562
563
564
565
566
567
568
569
570
571
572
573
574
575
576
577
578
580
581
583
584
585
586
587
588
589
590
593
594
595
596
597
598
599
600
601
602
603
604
605
606
607
608
609
610
611
612
613
614
615
616
620
621
622
623
624
625
626
627
628
629
630
700
701
702
705
706
707
709
710
711
712
713
714
715
716
717
720
721
724
725
727
728
732
734
735
737
739
740
742
743
754
758
759
760
761
762
763
764
765
770
771
774
775
776
777
778
779
780
781
782
783
784
785
786
787
788
789
790
791
792
793
794
805
822
953
954
973
974
976
977
978
979
980
981
982
983
985
986
987
988
989
990
991
992
993
994
995
996
997
998
999
1000
1003
1006
1007
1008
1009
1010
1015
1016
1017
1018
1019
1020
1022
1023
1024
1025
1028
1029
1030
1033
1034
1035
1036
1037
1038
1040
1041
1042
1043
1044
1045
1046
1047
1048
1049
1050
1051
1052
1053
1054
1055
1056
1057
1058
1059
1060
1061
1062
1063
1064
1065
1066
1067
1068
1069
1070
1071
1072
1073
1074
1075
1076
1077
1078
1079
1080
1081
1082
1083
1084
1085
1086
1087
1088
1089
1091
1092
1094
1095
1096
1097
1098
1099
1100
1101
1105
1106
1107
1108
1109
1110
1111
1112
1113
1114
1115
1116
1117
1118
1119
1120
1121
1122
1123
1124
1125
1126
1127
1128
1129
1132
1133
1135
1136
1137
1138
1139
1140
1143
1144
1145
1146
1147
1148
1149
1150
1151
1152
1153
1154
1155
1156
1157
1158
1159
1160
1161
1162
1165
1166
1167
1168
1169
1170
1171
1235
1236
1238
1239
1240
1241
1243
1244
1246
1247
1251
1253
1254
1256
1258
1261
1262
1273
1277
1278
1279
1280
1281
1282
1283
1284
1285
1291
1294
1295
1296
1297
1298
1299
1300
1301
1302
1303
1304
1305
1306
1307
1308
1309
1310
1311
1312
1313
1314
1315
1326
1343
1442
1443
1444
1445
1446
1447
1448
1449
1450
1451
1452
1453
1454
1460
1461
1462
1463
1464
1465
1466
1467
1468
1469
1470
1471
1472
1473
1474
1475
1476
1477
1478
1479
1482
1483
1484
1486
1487
1488
1489
1490
1491
1492
1493
1494
1495
1496
1497
1498
1503
1504
1505
1506
1507
1508
1509
1510
1511
1512
1513
1514
1515
1516
1604
1605
1606
1607
1608
1612
1613
1614
1615
1616
1617
1618
1619
1620
1621
1626
1627
1628
1629
1630
1631
1632
1633
1634
1638
1639
1640
1641
1642
1643
1644
1645
1646
1647
1648
1649
1668
1669
1670
1671
1672
1673
1674
1675
1676
1679
1786
1787
1788
1789
1790
1791
1792
1793
1794
1795
1796
1797
1798
1807
1808
1809
1810
1811
1812
1813
1814
1815
1816
1817
1818
1836
1839
1840
1841
1842
1843
1844
1845
1846
1847
1848
1849
1850
1856
1857
1858
1859
1860
1861
1862
1863
1864
1865
1866
1867
1868
1869
1870
1871
1872
1873
1874
1876
1877
1879
1880
1881
1882
1883
1884
1885
1886
1888
1889
1890
1891
1892
1893
1894
1895
1896
1897
1898
1899
1904
1905
1906
1907
1908
1909
1910
1911
1912
1913
1914
1915
1916
1917
2019
2020
2021
2022
2023
2025
2027
2028
2029
2030
2031
2032
2033
2034
2035
2036
2041
2042
2043
2044
2048
2049
2050
2051
2052
2053
2054
2055
2056
2057
2058
2059
2078
2079
2080
2081
2082
2083
2084
2085
2086
2087
2088
2089
2090
2091
2092
2193
2194
2195
2196
2197
2198
2199
2200
2201
2202
2203
2204
2205
2213
2214
2215
2216
2217
2218
2219
2220
2221
2222
2223
2224
2284
2285
2323
2324
2330
2331
2332
2333
2334
2335
2336
2337
2338
2339
2340
2341
2342
2343
2344
2345
2346
2347
2351
2352
2353
2354
2355
2356
2357
2358
2359
2360
2361
2362
2363
2364
2365
2366
2367
2368
2369
2370
2371
2372
2373
2374
2375
2376
2377
2378
2381
2389
2390
2391
2392
2393
2394
2395
2396
2399
2400
2401
2402
2403
2413
2414
2415
2416
2417
2418
2419
2420
2421
2422
2423
2424
2425
2430
2431
2432
2433
2434
2440
2441
2442
2443
2444
2445
2447
2448
2449
2450
2451
2452
2453
2454
2455
2456
2457
2458
2459
2460
2462
2463
2464
2465
2466
2467
2468
2469
2470
2478
2479
2480
2481
2482
2483
2484
2485
2486
2487
2488
2489
2490
2491
2492
2493
2494
2495
2496
2497
2498
2499
2500
2501
2502
2503
2504
2505
2506
2507
2508
2509
2510
2511
2512
2513
2514
2515
2516
2517
2518
2519
2520
2521
2522
2523
2524
2525
2526
2527
2528
2529
2530
2531
2532
2533
2534
2535
2536
2537
2538
2539
2540
2541
2542
2543
2544
2545
2546
2547
2548
2549
2550
2551
2552
2553
2554
2555
2556
2557
2558
2559
2560
2561
2562
2563
2564
2565
2566
2567
2568
2569
2572
2576
2579
2580
2581
2583
2586
2587
2588
2590
2594
2596
2597
2598
2599
2601
2602
2603
2604
2605
2606
2607
2608
2609
2610
2611
2612
2615
2616
2617
2618
2619
2620
2621
2622
2623
2624
2625
2626
2627
2628
2629
2630
2631
2632
2633
2634
2635
2636
2637
2638
2639
2640
2641
2642
2643
2644
2645
2646
2647
2648
2649
2650
2651
2652
2653
2654
2655
2656
2657
2658
2659
2660
2661
2662
2663
2664
2665
2666
2667
2668
2669
2670
2671
2672
2673
2674
2675
2676
2677
2681
2682
2683
2684
2685
2686
2687
2688
2689
2690
2691
2692
2693
2694
2695
2696
2697
2698
2699
2700
2701
2702
2703
2706
2709
2710
2711
2712
2713
2714
2715
2716
2717
2718
2719
2720
2721
2722
2723
2724
2725
2726
2727
2728
2729
2730
2731
2732
2733
2734
2735
2736
2737
2738
2739
2740
2741
2742
2743
2744
2745
2746
2747
2748
2749
2750
2751
2752
2753
2754
2755
2756
2757
2758
2759
2760
2761
2762
2772
2773
2774
2775
2776
2777
2778
2779
2780
2781
2782
2783
2784
2785
2786
2787
2788
2789
2790
2791
2792
2793
2794
2795
2796
2797
2798
2799
2800
2801
2802
2803
2804
2805
2806
2807
2808
2809
2810
2812
2813
2814
2815
2816
2817
2818
2819
2824
2826
2827
2828
2829
2830
2831
2859
2860
3025
3027
3028
3029
3034
3035
3036
3037
3038
3044
3045
3046
3050
3051
3052
3053
3054
3055
3056
3057
3058
3059
3060
3061
3062
3063
3064
3065
3066
3072
3073
3074
3075
3076
3077
3078
3079
3080
3081
3089
3090
3091
3092
3093
3094
3095
3096
3097
3098
3099
3100
3101
3102
3106
3107
3108
3109
3117
3118
3119
3120
3121
3122
3123
3124
3125
3129
3130
3131
3132
3133
3134
3138
3139
3140
3141
3147
3148
3149
3150
3151
3152
3153
3158
3159
3160
3161
3162
3163
3164
3165
3166
3167
3168
3169
3189
3190
3191
3192
3193
3198
3199
3201
3202
3203
3212
3213
3214
3217
3218
3219
3220
3223
3224
3225
3227
3228
3229
3230
3231
3232
3233
3234
3235
3236
3237
3238
3239
3240
3241
3242
3243
3244
3245
3246
3247
3248
3249
3250
3251
3268
3269
3270
3272
3273
3274
3275
3276
3281
3282
3283
3284
3285
3286
3287
3288
3289
3290
3291
3292
3293
3294
3295
3296
3297
3298
3299
3300
3301
3302
3303
3304
3305
3306
3307
3308
3309
3310
3311
3312
3313
3314
3315
3316
3317
3318
3319
3320
3321
3322
3323
3324
3325
3326
3327
3328
3329
3330
3331
3332
3333
3334
3335
3336
3337
3338
3339
3340
3341
3342
3343
3344
3345
3346
3347
3348
3349
3350
3351
3352
3353
3354
3355
3356
3357
3358
3359
3360
3361
3362
3363
3364
3365
3366
3367
3368
3369
3370
3371
3372
3373
3374
3375
3376
3377
3378
3379
3380
3381
3382
3383
3384
3385
3386
3387
3388
3389
3390
3391
3392
3393
3394
3395
3396
3397
3398
3399
3400
3401
3402
3403
3404
3405
3406
3407
3408
3409
3410
3411
3412
3413
3414
3415
3416
3417
3418
3419
3422
3423
3424
3425
3427
3428
3429
3430
3431
3432
3433
3434
3435
3436
3437
3438
3439
3440
3444
3445
3449
3450
3451
3452
3453
3458
3459
3460
3461
3462
3463
3464
3465
3466
3475
3476
3477
3494
3495
3496
3497
3498
3499
3500
3501
3502
3503
3504
3505
3523
3524
3525
3529
3533
3535
3536
3610
3611
3613
3614
3615
3616
3617
3618
3619
3620
3621
3622
3623
3625
3925
3939
4028
4029
4030
4031
4032
4033
4034
4035
4036
4037
4038
4039
4040
4041
4042
4043
4048
4049
4050
4052
4059
4060
4061
4095
4096
4133
4134
4139
4140
4141
4142
4143
4144
4145
4146
4147
4148
4149
4150
4151
4152
4153
4154
4155
4159
4160
4161
4162
4163
4164
4165
4166
4167
4168
4169
4170
4171
4172
4173
4174
4175
4176
4177
4178
4179
4180
4181
4182
4183
4184
4185
4189
4195
4196
4197
4198
4199
4200
4201
4203
4204
4205
4206
4207
4216
4217
4218
4219
4220
4221
4222
4223
4224
4225
4226
4227
4228
4230
4233
4234
4235
4236
4237
4242
4243
4244
4245
4246
4247
4248
4250
4251
4252
4253
4254
4255
4256
4257
4258
4259
4260
4262
4263
4264
4265
4266
4267
4268
4269
4270
4271
4279
4280
4281
4282
4283
4284
4285
4286
4287
4288
4289
4290
4291
4292
4293
4294
4295
4296
4297
4298
4299
4300
4301
4302
4303
4304
4305
4306
4307
4308
4309
4310
4311
4312
4313
4314
4315
4316
4317
4318
4319
4320
4321
4322
4323
4324
4325
4326
4327
4328
4329
4330
4331
4332
4333
4334
4335
4336
4337
4338
4339
4340
4341
4342
4343
4344
4345
4346
4347
4348
4349
4350
4351
4352
4353
4354
4355
4356
4357
4358
4359
4360
4361
4362
4363
4364
4365
4366
4367
4368
4371
4376
4378
4379
4380
4382
4385
4386
4387
4389
4394
4395
4396
4397
4398
4399
4400
4401
4402
4403
4404
4405
4406
4407
4408
4409
4410
4411
4412
4414
4415
4416
4417
4418
4419
4420
4421
4422
4423
4424
4425
4426
4427
4428
4429
4430
4431
4432
4433
4434
4435
4436
4437
4438
4439
4440
4441
4442
4443
4444
4445
4446
4447
4448
4449
4450
4451
4452
4453
4454
4455
4456
4457
4458
4459
4460
4461
4462
4463
4464
4465
4466
4467
4468
4469
4470
4471
4473
4474
4475
4476
4478
4480
4481
4482
4483
4484
4485
4486
4487
4488
4489
4490
4491
4492
4493
4494
4495
4496
4497
4498
4499
4500
4501
4502
4507
4508
4509
4510
4511
4512
4513
4514
4515
4516
4517
4518
4519
4520
4521
4522
4523
4524
4525
4526
4527
4528
4529
4530
4531
4532
4533
4534
4535
4536
4537
4538
4539
4540
4541
4543
4544
4545
4546
4547
4548
4549
4550
4551
4552
4553
4554
4555
4556
4557
4558
4567
4568
4569
4570
4571
4572
4573
4574
4575
4576
4577
4578
4579
4580
4581
4582
4583
4584
4585
4586
4587
4588
4589
4590
4591
4592
4593
4594
4595
4596
4597
4598
4600
4601
4602
4603
4604
4605
4606
4611
4613
4614
4615
4616
4617
4618
4645
4646
4806
4807
4808
4809
4813
4814
4815
4816
4820
4821
4824
4825
4826
4827
4828
4829
4830
4831
4832
4833
4834
4835
4836
4841
4843
4844
4845
4846
4853
4854
4855
4856
4857
4858
4859
4860
4861
4862
4863
4864
4865
4866
4870
4871
4872
4873
4881
4882
4883
4884
4885
4886
4887
4888
4889
4893
4894
4895
4896
4897
4898
4902
4903
4904
4905
4911
4912
4913
4914
4915
4916
4917
4922
4923
4924
4925
4926
4927
4928
4929
4930
4931
4932
4952
4953
4954
4955
4960
4961
4963
4964
4965
4974
4975
4976
4979
4980
4981
4982
4984
4986
4987
4988
4989
4990
4991
4992
4993
4994
4995
4996
4997
4998
4999
5000
5001
5002
5003
5004
5005
5006
5007
5008
5009
5010
5011
5012
5029
5031
5032
5033
5034
5035
5036
5037
5042
5043
5044
5045
5046
5047
5048
5049
5050
5051
5052
5053
5054
5055
5056
5057
5058
5059
5060
5061
5062
5063
5064
5065
5066
5067
5068
5069
5070
5071
5072
5073
5074
5075
5076
5077
5078
5079
5080
5081
5082
5083
5084
5085
5086
5087
5088
5089
5090
5091
5092
5093
5094
5095
5096
5097
5098
5099
5100
5101
5102
5103
5104
5105
5106
5107
5108
5109
5110
5111
5112
5113
5114
5115
5116
5117
5118
5119
5120
5121
5122
5123
5124
5125
5126
5127
5128
5129
5130
5131
5132
5133
5134
5135
5136
5137
5138
5139
5140
5141
5142
5143
5144
5146
5147
5148
5149
5150
5151
5152
5153
5154
5155
5156
5157
5158
5159
5160
5161
5162
5163
5164
5165
5166
5167
5168
5169
5170
5171
5172
5173
5174
5175
5176
5179
5180
5181
5182
5183
5184
5185
5186
5187
5188
5189
5190
5191
5192
5193
5194
5195
5196
5197
5201
5202
5206
5207
5208
5209
5210
5215
5216
5217
5218
5219
5220
5221
5222
5230
5231
5232
5233
5250
5251
5252
5253
5254
5255
5256
5257
5258
5259
5260
5261
5279
5280
5281
5285
5289
5291
5292
5367
5368
5369
5370
5371
5372
5373
5374
5375
5376
5377
5378
5379
5381
5383
5678
5690
5774
5775
5776
5777
5778
5779
5780
5781
5782
5783
5784
5785
5786
5787
5788
5789
5794
5795
5796
5797
5798
5805
5806
5807
5808
5809
5818
5819
